imre@thinkpad:~/bow$ octave bow_octave.m 
------- continous --------
A
  -56.43431    0.00000    0.60072
  -17.90629    0.00000   10.95007
    0.00000    1.00000    0.00000
B
   26.95983
    8.55420
    0.00000
C
   0   0   1
D
0
AB
      26.95983   -1521.45955   85867.66409
       8.55420    -482.75062   27337.36906
       0.00000       8.55420    -482.75062
rank AB
 3
eigen AB
  -953.0614
    12.7769
     1.7431
BoW_ss
  <class ss>
BoW_tf
   8.5542e+00  -2.4313e-13
------- discrete --------
Ts
 0.020000
Bow_ssd

BoW_ssd.a =
              x1         x2         x3
   x1     0.3234  8.532e-05   0.007208
   x2    -0.2149      1.002     0.2176
   x3  -0.002543    0.02001      1.002

BoW_ssd.b =
             u1
   x1    0.3232
   x2    0.1026
   x3  0.001215

BoW_ssd.c =
       x1  x2  x3
   y1   0   0   1

BoW_ssd.d =
       u1
   y1   0

Sampling time: 0.02 s
Discrete-time model.
F
   0.323449491   0.000085319   0.007208275
  -0.214863863   1.002179746   0.217632828
  -0.002543177   0.020014545   1.002179746
g
   0.3232021
   0.1026449
   0.0012149
c
   0   0   1
d
0
------- LQ reglator --------
A
  -56.43431    0.00000    0.60072
  -17.90629    0.00000   10.95007
    0.00000    1.00000    0.00000
B
   26.95983
    8.55420
    0.00000
C1
    0.00000    0.00000   11.45916
    0.00000    0.00000    0.00000
    0.00000    0.30249    0.00000
    0.09549    0.00000    0.00000
D12
   0.00000
   0.50000
   0.00000
   0.00000
P

P.a =
           x1      x2      x3
   x1  -56.43       0  0.6007
   x2  -17.91       0   10.95
   x3       0       1       0

P.b =
          u1
   x1  26.96
   x2  8.554
   x3      0

P.c =
            x1       x2       x3
   y1        0        0    11.46
   y2        0        0        0
   y3        0   0.3025        0
   y4  0.09549        0        0

P.d =
        u1
   y1    0
   y2  0.5
   y3    0
   y4    0

Continuous-time model.
K
    4.1952  -14.1305  -51.6911
X
    0.76145   -2.52242   -7.42547
   -2.52242    8.36275   24.91315
   -7.42547   24.91315   92.54793
eABK
  -56.8040
   -1.9792
   -5.4233
Pd

Pd.a =
              x1         x2         x3
   x1     0.3234  8.532e-05   0.007208
   x2    -0.2149      1.002     0.2176
   x3  -0.002543    0.02001      1.002

Pd.b =
             u1
   x1    0.3232
   x2    0.1026
   x3  0.001215

Pd.c =
            x1       x2       x3
   y1        0        0    11.46
   y2        0        0        0
   y3        0   0.3025        0
   y4  0.09549        0        0

Pd.d =
        u1
   y1    0
   y2  0.5
   y3    0
   y4    0

Sampling time: 0.02 s
Discrete-time model.
Kd
    4.0391  -13.5763  -49.3154
Xd
     38.091   -126.172   -371.476
   -126.172    418.396   1246.241
   -371.476   1246.241   4696.150
eABKd
   0.32143
   0.96119
   0.89719
---------- estimator ---------
FT
   0.323449491  -0.214863863  -0.002543177
   0.000085319   1.002179746   0.020014545
   0.007208275   0.217632828   1.002179746
cT
   0
   0
   1
FTcT
   0.00000  -0.00254  -0.00767
   0.00000   0.02001   0.04012
   1.00000   1.00218   1.00870
rFTcT
 3
eFTcT
   1.04063 + 0.00000i
  -0.00595 + 0.00375i
  -0.00595 - 0.00375i
FT
   0.323449491  -0.214863863  -0.002543177
   0.000085319   1.002179746   0.020014545
   0.007208275   0.217632828   1.002179746
cT
   0
   0
   1
c1_est
    0.00000    0.00000   11.45916
    0.00000    0.00000    0.00000
    0.00000    0.30249    0.00000
    0.09549    0.00000    0.00000
d12_est
   0.00000
   0.50000
   0.00000
   0.00000

P_est.a =
              x1         x2         x3
   x1     0.3234    -0.2149  -0.002543
   x2  8.532e-05      1.002    0.02001
   x3   0.007208     0.2176      1.002

P_est.b =
       u1
   x1   0
   x2   0
   x3   1

P_est.c =
            x1       x2       x3
   y1        0        0    11.46
   y2        0        0        0
   y3        0   0.3025        0
   y4  0.09549        0        0

P_est.d =
        u1
   y1    0
   y2  0.5
   y3    0
   y4    0

Sampling time: 0.02 s
Discrete-time model.
K_estd
   0.0072266   0.4361841   1.0046602
X_estd
      0.0102218      0.1813100      0.0054295
      0.1813100   1443.0591841     28.9266484
      0.0054295     28.9266484    132.1405756
eFTcTKestd
   0.32344
   2.01964
   0.98938
---- estiamtor in feedback ----
Gd
  -0.0072266
  -0.4361841
  -1.0046602
Fd
   0.323449491   0.000085319   0.014434845
  -0.214863863   1.002179746   0.653816910
  -0.002543177   0.020014545   2.006839993
Hd
   0.3232021
   0.1026449
   0.0012149
imre@thinkpad:~/bow$ 
