imre@thinkpad:~/bow$ scilab-cli -f bow_scilab.sce 
Scilab 6.0.1 (May  1 2020, 14:47:40)

 BoW_ss

!lss  A  B  C  D  X0  dt  !
  -56.434314   0.   0.6007222
  -17.906293   0.   10.950065
   0.          1.   0.       
   26.959831
   8.5542038
   0.
   0.   0.   1.
   0.
   0.
   0.
   0.
 c

 BoW_tf

                                              
           -4.547D-13 + 8.5542038s            
   -----------------------------------------  
                                       2   3  
   -607.20270 - 10.950065s + 56.434314s + s   

 BoW_ssd

!lss  A  B  C  D  X0  dt  !
   0.3234495   0.0000853   0.0072083
  -0.2148639   1.0021797   0.2176328
  -0.0025432   0.0200145   1.0021797
   0.3232021
   0.1026449
   0.0012149
   0.   0.   1.
   0.
   0.
   0.
   0.
   0.02

 P

!lss  A  B  C  D  X0  dt  !
  -56.434314   0.   0.6007222
  -17.906293   0.   10.950065
   0.          1.   0.       
   26.959831
   8.5542038
   0.
   0.         0.          11.459156
   0.         0.          0.       
   0.         0.3024882   0.       
   0.095493   0.          0.       
   0.
   0.5
   0.
   0.
   0.
   0.
   0.
 c

   4.1952426  -14.130507  -51.691093

   0.7614476  -2.5224217  -7.4254703
  -2.5224217   8.3627524   24.913154
  -7.4254703   24.913154   92.547931

 Pd

!lss  A  B  C  D  X0  dt  !
   0.3234495   0.0000853   0.0072083
  -0.2148639   1.0021797   0.2176328
  -0.0025432   0.0200145   1.0021797
   0.3232021
   0.1026449
   0.0012149
   0.         0.          11.459156
   0.         0.          0.       
   0.         0.3024882   0.       
   0.095493   0.          0.       
   0.
   0.5
   0.
   0.
   0.
   0.
   0.
 d

   4.0391062  -13.576287  -49.315425

   38.091486  -126.17198  -371.47583
  -126.17198   418.39554   1246.2407
  -371.47583   1246.2407   4696.1497

 P_est

!lss  A  B  C  D  X0  dt  !
   0.3234495  -0.2148639  -0.0025432
   0.0000853   1.0021797   0.0200145
   0.0072083   0.2176328   1.0021797
   0.
   0.
   1.
   0.         0.          11.459156
   0.         0.          0.       
   0.         0.3024882   0.       
   0.095493   0.          0.       
   0.
   0.5
   0.
   0.
   0.
   0.
   0.
 d

 K_estd

   0.0072266   0.4361841   1.0046602

 --------- estimator in feedback ------------

 Gd

  -0.0072266
  -0.4361841
  -1.0046602

 Fd

   0.3234495   0.0000853   0.0144348
  -0.2148639   1.0021797   0.6538169
  -0.0025432   0.0200145   2.00684  

 Hd

   0.3232021
   0.1026449
   0.0012149

--> exit 
imre@thinkpad:~/bow$ 
